34
113 126 114 94 0.9507 240
138 367 139 348 0.9170 62
140 121 141 88 0.9888 248
144 450 144 416 0.9804 255
147 113 148 80 0.9846 248
158 231 159 214 0.9654 10
162 113 163 80 0.9750 248
165 114 165 81 0.9270 248
172 451 171 417 0.9664 255
175 217 175 194 0.9582 138
177 237 178 219 0.9494 37
180 458 179 424 0.9833 255
186 355 187 336 0.9709 62
199 453 198 419 0.9791 255
210 330 210 313 0.9073 10
215 242 214 225 0.9452 10
232 243 232 225 0.9689 37
266 239 265 222 0.9618 10
288 333 287 315 0.9340 37
292 333 291 315 0.8984 37
297 404 295 381 0.8161 138
298 332 297 313 0.8581 62
307 237 307 219 0.8193 37
313 111 314 79 0.9116 240
313 234 312 217 0.9598 10
320 114 321 82 0.9506 240
320 441 320 407 0.9839 255
323 329 321 311 0.9201 37
341 229 341 211 0.9762 37
346 428 344 396 0.9028 240
349 405 347 382 0.9371 138
349 427 347 394 0.9751 248
355 228 354 211 0.9798 10
365 326 364 308 0.9757 37
