106
66 290 66 262 0.9453 229
83 230 83 202 0.8059 229
87 181 87 149 0.9312 234
87 186 87 154 0.9430 234
87 247 87 215 0.9243 234
88 241 88 198 0.8418 242
89 176 87 154 0.8241 219
103 189 103 156 0.9781 235
105 176 106 143 0.8332 235
105 178 103 156 0.8383 219
111 338 111 310 0.9093 229
116 417 117 376 0.8936 241
121 303 121 270 0.9807 235
124 292 124 259 0.9902 235
126 304 126 271 0.9871 235
128 293 128 260 0.9901 235
131 305 131 272 0.9711 235
133 239 133 206 0.9921 235
133 294 133 261 0.9731 235
135 255 135 222 0.9924 235
136 250 136 217 0.9949 235
137 244 137 211 0.9919 235
137 409 137 372 0.9192 238
139 240 139 207 0.9942 235
140 257 140 224 0.9962 235
142 197 142 164 0.9981 235
142 240 142 207 0.9950 235
142 244 142 211 0.9943 235
143 186 143 153 0.9972 235
144 341 144 309 0.9911 234
145 197 145 164 0.9981 235
146 249 146 216 0.9977 235
147 192 147 159 0.9959 235
148 187 148 154 0.9952 235
150 379 150 344 0.9518 236
153 188 153 155 0.9933 235
154 402 154 366 0.9950 237
180 249 180 216 0.9885 235
197 121 198 82 0.8575 239
197 369 197 333 0.9351 237
199 149 198 112 0.9883 238
204 152 204 118 0.9717 236
207 107 207 68 0.9609 239
221 212 223 168 0.9591 242
222 206 221 173 0.9340 235
228 298 229 260 0.9676 239
250 139 249 104 0.8555 236
251 157 251 124 0.8731 235
255 90 257 83 0.8306 120
256 107 256 103 0.9413 10
256 135 257 94 0.9449 241
256 143 257 65 0.9250 253
257 69 257 65 0.8265 10
257 81 258 22 0.9654 248
257 99 257 76 0.9691 221
257 117 257 94 0.9514 221
257 125 258 29 0.8895 255
258 34 258 29 0.9617 61
258 63 258 22 0.9652 241
259 45 259 4 0.9445 241
259 51 259 10 0.9220 241
259 305 259 265 0.8127 240
271 200 271 162 0.9915 239
275 238 276 199 0.8899 239
294 292 295 251 0.9350 241
296 105 298 27 0.9147 253
299 124 297 63 0.8861 249
299 165 298 122 0.9438 242
300 69 298 27 0.9084 241
303 200 303 144 0.8664 247
305 235 305 177 0.8995 248
310 241 311 182 0.8124 248
314 208 314 150 0.9675 248
315 221 315 163 0.8575 248
316 278 316 231 0.9825 244
318 300 318 252 0.8464 244
320 274 320 228 0.9635 243
322 277 322 231 0.9699 243
328 386 328 337 0.9627 245
329 368 329 319 0.9707 245
331 372 331 323 0.9380 245
331 386 331 337 0.9361 245
334 161 334 116 0.9642 243
334 270 334 225 0.9912 243
334 274 335 229 0.8549 243
336 389 336 339 0.9562 245
347 340 347 280 0.8261 249
349 136 350 81 0.8857 247
350 251 350 196 0.9065 247
351 372 351 308 0.9608 250
353 339 353 278 0.8562 249
353 350 353 288 0.8946 249
354 117 354 59 0.9187 248
354 291 354 225 0.8110 250
356 344 356 283 0.8895 249
357 291 357 224 0.9501 250
359 88 359 21 0.9026 250
359 92 359 25 0.9466 250
360 304 360 243 0.8392 249
362 402 362 334 0.9439 251
363 379 363 312 0.8757 250
363 397 363 329 0.9073 251
364 92 365 25 0.9333 250
365 80 365 14 0.9151 250
365 277 365 207 0.8514 251
365 425 365 353 0.9015 251
