216
66 290
82 232
83 230
87 181
87 186
87 247
88 236
88 241
89 176
89 231
103 189
105 176
105 178
111 338
115 334
116 417
120 396
121 303
124 292
126 304
128 293
131 305
132 249
133 239
133 294
135 255
135 340
136 250
136 338
137 244
137 409
139 240
140 257
142 197
142 240
142 244
143 186
144 341
145 197
146 249
146 326
147 192
148 187
148 379
150 336
150 379
153 188
154 402
180 249
197 121
197 369
198 372
199 149
201 8
204 152
207 107
218 2
221 212
222 4
222 206
227 202
228 298
250 34
250 139
250 143
251 120
251 157
252 19
252 22
255 90
256 107
256 135
256 143
256 304
257 69
257 81
257 99
257 117
257 125
258 18
258 34
258 63
259 7
259 16
259 25
259 45
259 51
259 305
269 160
271 200
275 238
279 301
294 292
296 105
299 124
299 165
300 69
303 200
304 50
305 235
307 235
309 330
310 241
314 208
315 221
316 278
318 300
319 423
320 274
322 277
327 278
328 150
328 306
328 386
329 368
329 380
331 43
331 204
331 207
331 306
331 372
331 386
332 381
333 393
334 161
334 270
334 274
335 176
336 119
336 207
336 389
337 24
337 45
337 185
337 270
337 305
337 369
338 298
339 5
339 8
339 171
339 278
340 184
340 230
340 298
341 278
342 252
342 391
343 303
344 253
344 391
347 340
348 347
349 136
349 264
350 251
350 408
351 372
353 40
353 47
353 53
353 339
353 350
354 117
354 291
354 393
355 285
356 34
356 126
356 298
356 344
356 400
357 27
357 291
357 304
357 317
357 368
358 97
358 158
358 183
358 372
358 379
359 88
359 92
359 325
359 349
360 163
360 254
360 287
360 304
360 308
361 86
361 295
361 325
362 49
362 81
362 330
362 355
362 402
363 365
363 379
363 397
364 92
364 98
364 191
364 325
364 349
365 27
365 80
365 277
365 298
365 300
365 320
365 335
365 415
365 425
