358
21 219
25 213
28 247
65 205
66 262
73 344
75 420
83 202
86 164
87 149
87 154
87 203
87 215
87 248
88 187
88 198
88 264
89 145
89 208
89 259
92 155
92 293
93 209
94 203
103 156
104 151
106 143
111 310
114 339
116 297
117 269
117 376
119 258
119 296
120 361
121 270
124 259
126 271
127 265
127 293
128 260
131 272
131 317
132 217
132 266
133 206
133 210
133 261
134 201
134 257
134 308
135 222
136 217
136 272
137 211
137 372
138 157
138 262
139 152
139 202
139 207
140 224
141 218
142 164
142 207
142 211
143 153
143 331
144 309
144 368
144 370
145 164
145 295
145 386
146 216
147 159
148 154
150 165
150 171
150 344
150 423
151 160
151 311
153 155
153 376
154 366
158 156
168 436
170 421
170 446
172 268
177 58
177 80
178 108
179 221
180 216
182 77
182 82
184 453
185 435
186 439
187 216
189 173
189 331
191 161
193 272
193 388
196 428
196 440
196 449
196 455
197 219
197 333
198 82
198 112
198 393
201 220
203 67
204 118
205 278
205 289
207 68
208 289
211 177
211 275
212 117
212 166
219 183
221 128
221 173
221 178
223 75
223 168
226 203
227 205
229 260
235 109
241 385
242 389
245 389
245 393
247 262
248 393
249 104
250 263
250 329
250 342
251 81
251 124
251 228
252 435
255 52
256 40
256 58
256 103
256 264
257 47
257 65
257 76
257 83
257 94
258 22
258 29
259 4
259 10
259 265
261 111
268 117
271 162
272 131
274 119
274 376
276 199
276 332
279 259
280 333
283 191
284 254
285 219
287 334
289 276
289 299
290 402
293 271
293 275
293 362
295 251
297 45
297 63
298 27
298 122
300 245
301 8
301 222
301 257
301 261
302 289
302 291
303 144
305 177
306 81
308 271
308 454
311 182
312 135
312 239
312 455
314 150
315 163
316 135
316 231
318 90
318 252
319 357
320 228
320 247
321 154
322 231
323 251
324 347
324 352
328 99
328 241
328 337
329 237
329 319
329 330
329 332
329 348
330 355
331 225
331 323
331 337
332 76
332 251
333 72
333 314
333 330
333 349
333 353
334 116
334 221
334 225
335 104
335 229
335 250
335 317
336 311
336 314
336 320
336 339
337 230
337 239
338 225
338 319
339 71
339 129
339 350
340 196
340 201
340 206
340 226
340 236
340 248
341 119
341 252
341 319
342 206
343 198
343 350
344 212
344 361
345 243
345 250
345 325
345 340
346 123
347 168
347 211
347 280
350 81
350 112
350 121
350 196
350 253
350 314
350 319
351 308
351 343
351 345
351 365
352 253
352 273
353 13
353 26
353 103
353 208
353 219
353 278
353 288
354 59
354 106
354 225
354 319
354 342
354 366
355 303
356 31
356 239
356 283
356 330
356 333
357 61
357 66
357 224
357 236
357 242
357 248
357 303
357 345
358 121
358 313
359 21
359 25
359 95
359 214
359 317
360 121
360 188
360 192
360 197
360 243
360 287
361 18
361 30
361 220
361 246
362 229
362 258
362 293
362 334
363 205
363 224
363 276
363 312
363 329
364 31
364 211
365 14
365 25
365 147
365 207
365 233
365 243
365 292
365 344
365 350
365 353
