215
8 125 10 121 0.9058 195
15 236 15 235 0.8827 10
35 8 35 5 0.8993 174
39 85 39 81 0.8797 195
55 271 55 270 0.9393 10
57 342 57 341 0.9254 10
58 336 58 335 0.8798 10
59 328 59 327 0.9069 10
64 317 64 316 0.9426 10
64 346 64 345 0.9315 10
65 259 65 258 0.9362 10
67 229 67 228 0.8410 10
68 331 68 330 0.9216 10
81 182 81 181 0.9544 10
82 205 82 204 0.9236 10
88 332 88 331 0.9339 10
95 307 95 306 0.8967 10
97 279 97 278 0.8990 10
98 246 98 245 0.9226 10
98 287 98 286 0.9386 10
100 298 100 297 0.9428 10
101 263 101 262 0.8894 10
102 260 102 259 0.9425 10
103 226 103 225 0.9117 10
104 260 104 259 0.9236 10
106 348 106 347 0.8663 10
110 219 110 218 0.8817 10
111 308 111 307 0.9753 10
112 228 112 227 0.9238 10
112 303 112 302 0.9181 10
113 157 113 156 0.9282 10
113 207 113 206 0.9312 10
115 234 115 233 0.9252 10
116 301 116 300 0.8712 10
117 294 117 293 0.9128 10
120 232 120 231 0.9460 10
120 234 120 233 0.9188 10
123 197 123 196 0.8245 10
123 232 123 231 0.9079 10
123 234 123 233 0.8981 10
124 161 124 159 0.8211 133
125 132 125 131 0.9548 10
125 138 125 137 0.8936 10
127 200 127 199 0.9046 10
127 226 127 225 0.8139 10
128 185 127 184 0.8227 10
128 302 128 300 0.8088 133
130 144 130 143 0.9019 10
131 197 131 196 0.8489 10
131 199 131 198 0.8569 10
131 304 131 303 0.9030 10
133 191 133 190 0.8974 10
135 342 135 341 0.8666 10
137 222 137 221 0.8487 10
138 319 138 318 0.8675 10
139 284 139 283 0.8594 10
141 220 141 219 0.9214 10
141 331 141 330 0.9171 10
144 141 144 140 0.8850 10
145 279 145 278 0.8642 10
145 284 145 283 0.9141 10
146 299 146 297 0.8871 133
146 304 146 303 0.8849 10
148 204 148 203 0.8924 10
149 240 149 239 0.8354 10
150 135 150 134 0.8317 10
151 222 151 221 0.8358 10
153 203 153 202 0.8033 10
154 133 154 132 0.8701 10
156 178 156 177 0.8911 10
156 245 156 244 0.9075 10
158 52 158 51 0.9088 10
158 196 158 195 0.9000 10
159 43 159 42 0.9290 10
160 48 160 47 0.8985 10
161 139 161 138 0.9073 10
164 143 164 142 0.8540 10
164 179 164 178 0.8844 10
165 170 165 169 0.8711 10
165 332 165 330 0.9545 133
166 276 166 274 0.9017 133
167 181 167 179 0.8433 133
168 285 168 284 0.8523 10
168 339 168 337 0.9265 133
169 336 169 334 0.8676 133
171 72 171 71 0.8466 10
173 56 173 55 0.9284 10
173 59 173 58 0.9337 10
174 253 174 251 0.9071 133
175 69 175 67 0.8234 133
177 141 177 140 0.9204 10
178 43 178 42 0.8821 10
178 280 178 278 0.9267 133
180 289 180 287 0.9251 133
180 316 180 314 0.8590 133
182 195 182 193 0.9061 133
183 23 183 21 0.8756 133
184 14 184 12 0.8825 133
185 41 185 39 0.8527 133
185 182 185 180 0.8275 133
185 199 185 197 0.8890 133
185 249 185 247 0.9101 133
187 56 187 54 0.8140 133
187 139 187 138 0.8370 10
188 126 188 124 0.8966 133
188 129 188 127 0.8629 133
190 36 190 35 0.8510 10
190 41 190 39 0.8194 133
190 246 190 244 0.8588 133
190 266 190 264 0.8590 133
190 281 190 278 0.8021 174
191 194 191 192 0.8304 133
191 222 191 220 0.9490 133
191 305 191 303 0.8551 133
192 258 192 256 0.8545 133
192 332 192 329 0.9296 174
193 245 193 243 0.8179 133
194 200 194 198 0.8342 133
194 284 194 282 0.8850 133
195 216 195 214 0.8157 133
195 288 195 285 0.8480 174
195 325 195 322 0.8829 174
196 182 196 180 0.8302 133
196 258 196 255 0.8653 174
197 65 197 63 0.8357 133
197 180 197 178 0.8866 133
197 323 197 320 0.8582 174
199 178 199 176 0.8860 133
199 182 199 180 0.8809 133
199 216 199 214 0.8650 133
200 152 200 150 0.8938 133
200 207 200 205 0.8281 133
200 235 200 232 0.8534 174
200 301 200 299 0.8196 133
201 68 201 66 0.8582 133
201 331 201 328 0.9412 174
202 172 202 169 0.8039 174
202 227 202 225 0.8443 133
202 261 202 259 0.9354 133
203 294 203 291 0.9101 174
204 52 204 50 0.8536 133
205 346 205 344 0.8892 133
206 141 206 139 0.8500 133
206 259 206 257 0.8753 133
206 306 206 303 0.8518 174
206 343 206 340 0.8853 174
207 179 207 177 0.8367 133
207 240 207 238 0.8341 133
207 250 207 248 0.8918 133
208 217 208 215 0.8165 133
208 323 208 320 0.9439 174
209 39 209 37 0.9152 133
210 123 210 121 0.8939 133
210 158 210 156 0.8334 133
210 342 210 339 0.8674 174
212 25 212 23 0.8986 133
212 39 212 37 0.9257 133
212 191 212 188 0.8987 174
213 43 213 41 0.9028 133
213 54 213 52 0.9604 133
213 211 213 208 0.8334 174
213 254 213 252 0.8461 133
213 289 213 286 0.8522 174
213 298 213 295 0.9349 174
213 314 213 311 0.8095 174
214 28 214 26 0.9033 133
214 283 214 280 0.9386 174
215 179 215 176 0.8489 174
215 259 215 257 0.9057 133
215 346 214 199 0.8018 255
217 14 217 12 0.9242 133
217 43 217 41 0.8900 133
217 159 217 157 0.8059 133
217 163 217 161 0.8169 133
218 179 218 176 0.9041 174
218 216 218 213 0.8318 174
218 305 218 302 0.9370 174
218 321 218 318 0.8336 174
219 54 219 52 0.8260 133
219 192 219 190 0.8742 133
220 48 220 46 0.8580 133
220 228 220 225 0.9036 174
220 305 220 302 0.9380 174
221 184 221 181 0.9074 174
221 277 221 274 0.9145 174
221 331 221 327 0.8092 195
222 30 222 27 0.8800 174
222 35 222 32 0.8656 174
222 38 222 36 0.9677 133
222 160 222 158 0.8066 133
222 231 222 229 0.8468 133
223 53 223 51 0.9153 133
224 128 224 126 0.9100 133
224 131 224 129 0.8865 133
224 180 224 177 0.8517 174
224 298 224 296 0.8603 133
226 222 226 219 0.8904 174
227 21 227 19 0.9214 133
227 26 227 23 0.8064 174
228 134 228 132 0.8730 133
228 339 228 336 0.8717 174
230 10 230 8 0.9342 133
230 13 230 10 0.8785 174
230 235 230 232 0.9041 174
230 239 230 236 0.9515 174
231 135 231 132 0.8897 174
231 161 231 158 0.8379 174
231 216 231 214 0.8475 133
231 251 231 248 0.8271 174
232 145 232 143 0.8220 133
232 311 232 308 0.9304 174
233 27 233 25 0.8380 133
233 174 233 172 0.8088 133
235 71 235 66 0.9728 207
235 244 235 241 0.8428 174
