550
1 355
4 357
10 121
15 235
18 45
19 127
22 45
23 49
35 5
35 71
35 83
39 81
51 350
55 270
56 331
56 333
57 132
57 341
57 343
58 335
59 327
64 316
64 345
65 258
67 224
67 228
67 350
68 330
69 350
71 245
73 43
74 328
75 210
75 212
77 351
81 181
82 204
86 327
87 346
88 331
92 276
94 199
95 306
97 278
98 245
98 286
99 351
100 267
100 297
101 161
101 201
101 262
102 228
102 259
103 160
103 166
103 195
103 225
104 249
104 259
104 350
106 158
106 330
106 347
108 228
109 154
109 214
110 209
110 218
110 254
110 345
111 160
111 307
111 349
112 227
112 302
113 156
113 206
115 233
115 292
115 346
116 194
116 300
117 191
117 293
118 80
118 279
120 191
120 231
120 233
121 282
122 180
123 80
123 196
123 231
123 233
124 125
124 159
124 202
125 131
125 137
127 184
127 199
127 225
127 309
128 124
128 143
128 300
128 347
130 143
131 196
131 198
131 264
131 267
131 275
131 303
131 309
132 351
133 123
133 126
133 184
133 190
133 311
134 268
134 351
135 341
136 139
137 221
137 321
138 318
139 283
139 289
139 304
140 143
140 351
141 139
141 219
141 330
142 211
142 214
142 222
144 140
144 264
145 260
145 278
145 283
146 275
146 297
146 303
147 235
148 203
148 246
148 252
148 259
149 239
150 134
150 214
150 242
151 137
151 210
151 218
151 221
151 289
151 340
151 351
152 204
152 286
153 185
153 202
153 253
154 47
154 132
154 340
155 241
155 285
156 173
156 177
156 244
156 351
158 51
158 60
158 120
158 159
158 185
158 195
159 42
159 129
160 47
160 331
161 74
161 138
161 225
163 54
163 262
163 272
164 142
164 178
165 74
165 169
165 330
166 173
166 274
167 39
167 179
167 278
168 52
168 54
168 145
168 284
168 337
169 330
169 334
170 156
171 71
172 32
172 41
172 181
172 259
173 38
173 55
173 58
173 157
174 251
174 260
175 67
175 71
175 162
175 204
175 272
176 339
176 343
177 140
177 287
178 12
178 42
178 120
178 278
178 351
179 72
179 117
179 180
179 183
180 263
180 283
180 287
180 314
181 164
181 250
181 320
181 324
182 44
182 193
182 272
182 309
183 21
183 117
183 210
183 228
183 237
183 300
184 12
184 121
185 39
185 158
185 180
185 197
185 247
185 301
186 116
186 155
187 54
187 133
187 138
187 163
187 292
187 295
188 69
188 124
188 127
188 189
188 301
189 321
190 35
190 39
190 116
190 152
190 188
190 244
190 264
190 278
190 306
191 149
191 179
191 184
191 192
191 213
191 220
191 303
192 256
192 329
192 351
193 243
194 35
194 115
194 184
194 198
194 209
194 257
194 282
195 13
195 214
195 230
195 285
195 322
195 351
196 16
196 180
196 192
196 234
196 242
196 255
196 257
197 4
197 63
197 123
197 150
197 178
197 209
197 231
197 320
197 343
198 60
198 326
199 115
199 176
199 180
199 214
199 280
200 31
200 150
200 205
200 232
200 299
200 325
200 343
201 66
201 160
201 190
201 193
201 237
201 241
201 263
201 328
202 169
202 180
202 225
202 259
202 340
203 115
203 145
203 188
203 291
203 308
204 50
204 200
204 262
204 276
205 40
205 43
205 131
205 177
205 320
205 344
206 122
206 125
206 139
206 157
206 182
206 257
206 303
206 340
207 58
207 145
207 177
207 185
207 221
207 238
207 248
208 32
208 181
208 188
208 215
208 223
208 251
208 262
208 290
208 320
209 37
209 201
209 295
210 54
210 116
210 121
210 150
210 156
210 226
210 339
210 352
211 234
211 238
211 295
211 305
211 327
211 342
212 23
212 37
212 188
212 219
212 308
213 41
213 52
213 150
213 162
213 208
213 252
213 286
213 291
213 295
213 311
213 316
214 16
214 26
214 199
214 280
214 329
214 335
214 338
214 343
214 347
215 176
215 257
215 268
216 38
216 124
216 137
216 237
216 287
217 12
217 41
217 157
217 161
217 185
217 221
217 351
218 7
218 21
218 26
218 176
218 200
218 203
218 209
218 213
218 302
218 315
218 318
219 52
219 114
219 122
219 190
219 196
219 250
219 256
220 27
220 46
220 201
220 225
220 302
221 175
221 181
221 196
221 218
221 274
221 284
221 315
221 327
221 344
222 27
222 32
222 36
222 158
222 229
222 272
222 296
222 330
223 7
223 41
223 51
223 259
223 346
224 113
224 126
224 129
224 177
224 263
224 292
224 296
225 198
225 201
225 335
226 219
226 270
226 350
227 19
227 23
227 147
228 120
228 132
228 227
228 290
228 336
229 203
230 8
230 10
230 26
230 207
230 232
230 236
230 241
230 252
231 123
231 132
231 158
231 214
231 248
231 346
232 128
232 139
232 143
232 308
232 351
233 25
233 172
233 240
234 117
234 207
234 337
235 17
235 66
235 241
235 281
