492
8 125
15 236
17 47
17 236
34 87
35 8
36 75
39 85
52 350
55 271
56 344
57 342
58 336
59 328
61 331
62 346
64 317
64 346
64 350
65 259
67 226
67 229
67 350
68 331
72 246
73 46
73 350
78 351
81 182
82 205
85 350
87 327
88 332
94 200
94 278
95 307
97 279
98 246
98 287
100 298
100 351
101 163
101 201
101 204
101 263
102 260
103 167
103 196
103 226
104 250
104 260
106 158
106 348
107 331
109 228
110 153
110 210
110 215
110 219
111 308
111 346
112 161
112 228
112 303
113 157
113 207
115 234
116 195
116 301
117 191
117 294
118 234
119 137
119 280
120 176
120 232
120 234
120 283
121 280
123 180
123 197
123 232
123 234
124 128
124 161
125 132
125 135
125 138
125 140
127 145
127 200
127 226
128 185
128 302
128 347
130 144
130 223
131 197
131 199
131 275
131 304
132 270
132 311
132 351
133 191
134 270
135 339
135 342
135 347
137 222
138 319
138 339
138 348
139 222
139 284
140 305
140 351
141 141
141 144
141 220
141 331
144 141
144 244
144 264
145 262
145 279
145 284
146 299
146 304
147 235
148 156
148 160
148 204
148 248
148 253
149 231
149 240
149 243
149 260
150 135
150 214
151 138
151 220
151 222
151 291
152 211
152 285
153 203
153 205
153 256
154 49
154 133
154 191
155 186
156 178
156 245
156 288
156 351
157 124
157 174
158 52
158 60
158 64
158 130
158 159
158 188
158 196
159 43
160 48
160 79
160 334
161 139
163 276
164 143
164 179
165 78
165 170
165 173
165 332
166 276
167 138
167 181
167 279
168 285
168 339
169 146
169 333
169 336
170 138
170 158
170 261
171 67
171 72
172 43
172 51
172 183
173 39
173 56
173 59
174 73
174 76
174 158
174 253
174 261
175 69
176 274
176 289
177 122
177 141
177 316
177 341
178 13
178 43
178 280
178 351
179 185
179 189
179 265
179 285
180 289
180 316
181 269
181 274
181 306
181 327
182 195
182 298
182 312
183 23
183 187
183 303
183 351
184 14
184 229
184 289
185 41
185 159
185 182
185 199
185 249
185 303
185 315
186 120
186 165
187 56
187 135
187 139
187 298
188 123
188 126
188 129
189 185
189 277
189 326
190 36
190 41
190 156
190 246
190 266
190 281
191 181
191 185
191 190
191 194
191 222
191 305
191 308
192 215
192 258
192 332
193 190
193 245
194 200
194 284
195 186
195 216
195 232
195 288
195 297
195 325
195 351
196 6
196 156
196 182
196 191
196 228
196 245
196 258
196 327
197 65
197 153
197 178
197 180
197 211
197 323
198 32
198 191
198 282
199 178
199 182
199 216
200 152
200 207
200 211
200 235
200 294
200 301
201 32
201 65
201 68
201 161
201 240
201 243
201 327
201 331
201 345
201 350
202 167
202 172
202 227
202 261
203 146
203 294
204 45
204 52
204 57
204 151
204 311
205 179
205 202
205 265
205 346
206 121
206 141
206 259
206 306
206 322
206 343
207 179
207 184
207 223
207 226
207 240
207 250
207 253
208 60
208 63
208 187
208 217
208 292
208 323
209 34
209 39
209 153
209 179
210 123
210 158
210 195
210 231
210 237
210 287
210 342
211 179
211 228
211 240
211 261
211 346
212 25
212 34
212 39
212 191
212 221
213 43
213 54
213 166
213 205
213 211
213 254
213 289
213 298
213 311
213 314
214 28
214 122
214 152
214 283
214 342
215 18
215 24
215 179
215 240
215 259
215 270
215 346
215 351
216 138
216 289
217 14
217 28
217 43
217 159
217 163
217 255
217 302
218 179
218 203
218 212
218 216
218 305
218 321
219 54
219 119
219 192
219 194
219 252
219 289
219 351
220 5
220 48
220 186
220 228
220 257
220 268
220 305
220 327
221 184
221 195
221 198
221 277
221 288
221 331
221 333
221 336
222 30
222 35
222 38
222 118
222 160
222 221
222 231
222 270
223 53
223 351
224 7
224 118
224 128
224 131
224 180
224 298
226 222
226 339
227 21
227 26
227 151
227 274
228 118
228 134
228 295
228 339
229 255
230 10
230 13
230 29
230 166
230 207
230 235
230 239
230 246
230 311
231 130
231 135
231 141
231 161
231 216
231 251
231 344
232 120
232 126
232 145
232 311
232 347
233 27
233 156
233 161
233 174
233 210
234 66
234 119
234 351
235 71
235 244
235 286
